"entrezids"	"logFC"	"pvalue"	"qvalue"
"8309"	-3.41172	6e-04	0.028499
"203102"	-3.40331	4e-04	0.0209199
"137872"	-3.74005	0.00035	0.0192063
"136"	-4.38031	1e-04	0.00770585
"152"	-797.519	5e-05	0.00458449
"57463"	-4.47175	1e-04	0.00770585
"728780"	-5.09639	5e-05	0.00458449
"253650"	-3.55482	3e-04	0.0171106
"51239"	-4.59026	0.0013	0.04829
"257629"	-4.02635	0.00015	0.0107577
"147495"	-2.79324	0.00125	0.0472813
"364"	-797.519	5e-05	0.00458449
"79642"	-3.76655	5e-05	0.00458449
"9532"	-4.39094	0.00025	0.015028
"55509"	-2.95741	0.0011	0.0434215
"255877"	-10.6465	2e-04	0.0131104
"497258"	-3.46865	8e-04	0.0355509
"57673"	-3.49051	0.0011	0.0434215
"96610"	-3.713	7e-04	0.0320915
"118663"	-3.0633	4e-04	0.0209199
"54718"	-4.66289	0.00015	0.0107577
"256815"	-2.99881	0.00065	0.0300848
"121053"	-3.80762	0.00025	0.015028
"255809"	-3.55966	0.00025	0.015028
"375444"	-797.519	5e-05	0.00458449
"762"	-3.40229	4e-04	0.0209199
"814"	-3.90318	0.00045	0.0229548
"820"	-797.519	5e-05	0.00458449
"827"	-797.519	5e-05	0.00458449
"440068"	-3.82953	0.00075	0.0339539
"9607"	-797.519	5e-05	0.00458449
"117144"	-5.26179	0.00055	0.0265595
"79820"	-2.87345	0.0013	0.04829
"29070"	-4.19509	0.00115	0.0447851
"643669"	-797.519	5e-05	0.00458449
"6357"	-797.519	5e-05	0.00458449
"1237"	-3.69721	1e-04	0.00770585
"909"	-4.26819	0.00025	0.015028
"53841"	-797.519	0.00035	0.0192063
"201161"	-3.06009	0.00055	0.0265595
"9023"	-797.519	5e-05	0.00458449
"728577"	-5.52253	5e-05	0.00458449
"1393"	-5.27844	1e-04	0.00770585
"90353"	-3.13171	6e-04	0.028499
"1573"	-797.519	5e-05	0.00458449
"1582"	-5.60564	5e-05	0.00458449
"1610"	-4.71858	0.00025	0.015028
"1805"	-797.519	5e-05	0.00458449
"56896"	-3.24223	5e-05	0.00458449
"503835"	-3.01533	0.00085	0.0368681
"10913"	-5.04427	5e-05	0.00458449
"2047"	-3.11769	0.00065	0.0300848
"440695"	-4.64132	5e-05	0.00458449
"2168"	-2.81563	0.001	0.0408085
"55138"	-4.50712	5e-05	0.00458449
"128486"	-8.20079	1e-04	0.00770585
"7976"	-3.23174	0.00075	0.0339539
"2584"	-3.63504	3e-04	0.0171106
"100329109"	-3.90468	0.0013	0.04829
"79833"	-3.42928	0.00035	0.0192063
"492303"	-5.57292	0.00015	0.0107577
"2731"	-3.11775	0.00055	0.0265595
"2738"	-3.405	0.00045	0.0229548
"2742"	-3.17315	0.00065	0.0300848
"2828"	-4.45073	3e-04	0.0171106
"27198"	-4.75581	5e-05	0.00458449
"3081"	-3.04894	0.00055	0.0265595
"3174"	-4.28747	5e-05	0.00458449
"3209"	-5.25493	5e-05	0.00458449
"3214"	-3.38143	9e-04	0.0380125
"3352"	-3.96835	0.00025	0.015028
"57722"	-3.40433	7e-04	0.0320915
"402665"	-4.05265	0.00015	0.0107577
"150084"	-3.1861	6e-04	0.028499
"115811"	-3.3087	0.00095	0.0397764
"79192"	-3.9179	0.00135	0.0497645
"3786"	-4.04792	0.00055	0.0265595
"26153"	-3.74129	0.00035	0.0192063
"3960"	-4.24985	5e-05	0.00458449
"147525"	-3.59057	8e-04	0.0355509
"400946"	-4.92699	2e-04	0.0131104
"100505545"	-797.519	5e-05	0.00458449
"100129726"	-4.13757	2e-04	0.0131104
"645191"	-3.66646	0.00025	0.015028
"142910"	-797.519	5e-05	0.00458449
"100506302"	-3.9523	1e-04	0.00770585
"100507634"	-6.1154	5e-05	0.00458449
"101409256"	-4.23411	1e-04	0.00770585
"101927787"	-797.519	5e-05	0.00458449
"101928858"	-8.38808	1e-04	0.00770585
"145783"	-4.37062	0.00015	0.0107577
"284009"	-797.519	5e-05	0.00458449
"286359"	-8.99639	1e-04	0.00770585
"389765"	-3.90255	0.00045	0.0229548
"440910"	-3.55598	0.0013	0.04829
"728989"	-5.32978	1e-04	0.00770585
"729970"	-5.46125	5e-05	0.00458449
"4018"	-3.5951	1e-04	0.00770585
"376132"	-5.26442	5e-05	0.00458449
"100533789"	-3.5035	0.00035	0.0192063
"51690"	-4.52832	0.00015	0.0107577
"89876"	-3.03826	0.00115	0.0447851
"92342"	-4.27979	3e-04	0.0171106
"162387"	-4.60422	0.0013	0.04829
"100422974"	-797.519	5e-05	0.00458449
"693158"	-797.519	5e-05	0.00458449
"54534"	-3.7655	0.0012	0.0462351
"55247"	-3.87604	0.001	0.0408085
"85407"	-3.76305	8e-04	0.0355509
"7101"	-3.98458	0.00025	0.015028
"4902"	-797.519	5e-05	0.00458449
"84628"	-3.53424	5e-04	0.0248918
"55190"	-797.519	5e-05	0.00458449
"390195"	-797.519	5e-05	0.00458449
"219437"	-797.519	5e-05	0.00458449
"341277"	-797.519	5e-05	0.00458449
"5053"	-2.79912	0.00115	0.0447851
"26577"	-2.76092	0.00115	0.0447851
"50940"	-3.92254	0.001	0.0408085
"5143"	-3.75001	0.00105	0.0421367
"5145"	-3.79878	5e-04	0.0248918
"55825"	-3.74294	3e-04	0.0171106
"51090"	-797.519	5e-05	0.00458449
"221908"	-3.14686	0.00105	0.0421367
"400735"	-797.519	5e-05	0.00458449
"153768"	-3.73368	0.00065	0.0300848
"5731"	-797.519	5e-05	0.00458449
"148713"	-4.59327	0.00015	0.0107577
"347746"	-5.54593	2e-04	0.0131104
"144715"	-5.08342	4e-04	0.0209199
"282996"	-6.70566	5e-05	0.00458449
"9401"	-4.7306	5e-05	0.00458449
"727800"	-797.519	5e-05	0.00458449
"26830"	-797.519	5e-05	0.00458449
"101954277"	-8.81855	2e-04	0.0131104
"862"	-2.83997	5e-05	0.00458449
"283726"	-797.519	5e-05	0.00458449
"387914"	-5.2674	5e-05	0.00458449
"147912"	-3.23828	0.00055	0.0265595
"291"	-3.61946	0.0012	0.0462351
"219537"	-4.02328	1e-04	0.00770585
"677805"	-797.519	5e-05	0.00458449
"6752"	-3.70923	4e-04	0.0209199
"126074"	-2.86369	0.00115	0.0447851
"50832"	-797.519	5e-05	0.00458449
"6999"	-3.34001	3e-04	0.0171106
"260341"	-5.79482	4e-04	0.0209199
"7125"	-8.96915	1e-04	0.00770585
"100874043"	-5.93909	5e-05	0.00458449
"134111"	-797.519	5e-05	0.00458449
"11274"	-3.84052	9e-04	0.0380125
"26609"	-797.519	5e-05	0.00458449
"51481"	-797.519	5e-05	0.00458449
"425054"	-797.519	5e-05	0.00458449
"29802"	-797.519	5e-05	0.00458449
"644150"	-4.48561	5e-05	0.00458449
"7481"	-797.519	5e-05	0.00458449
"7476"	-3.10175	0.00025	0.015028
"389668"	-3.76733	0.00095	0.0397764
"7512"	-4.60871	0.00105	0.0421367
"158866"	-4.15596	0.00015	0.0107577
"163087"	-3.33578	4e-04	0.0209199
"10224"	-4.51448	5e-05	0.00458449
"92283"	-3.67332	9e-04	0.0380125
"284385"	-3.74917	5e-04	0.0248918
"126295"	-3.3769	0.00075	0.0339539
"80110"	-4.56189	4e-04	0.0209199
"163223"	-3.84984	5e-05	0.00458449
"374879"	-3.55933	0.00015	0.0107577
"169834"	-797.519	5e-05	0.00458449
